0.000000000000000000e+00	0.000000000000000000e+00	0.000000000000000000e+00
0.000000000000000000e+00	1.000000000000000000e+00	0.000000000000000000e+00
0.000000000000000000e+00	2.000000000000000000e+00	0.000000000000000000e+00
0.000000000000000000e+00	3.000000000000000000e+00	0.000000000000000000e+00
0.000000000000000000e+00	4.000000000000000000e+00	0.000000000000000000e+00
0.000000000000000000e+00	5.000000000000000000e+00	0.000000000000000000e+00
0.000000000000000000e+00	6.000000000000000000e+00	0.000000000000000000e+00
0.000000000000000000e+00	7.000000000000000000e+00	0.000000000000000000e+00
0.000000000000000000e+00	8.000000000000000000e+00	0.000000000000000000e+00
0.000000000000000000e+00	9.000000000000000000e+00	0.000000000000000000e+00
0.000000000000000000e+00	1.000000000000000000e+01	0.000000000000000000e+00
0.000000000000000000e+00	1.100000000000000000e+01	0.000000000000000000e+00
0.000000000000000000e+00	1.200000000000000000e+01	0.000000000000000000e+00
0.000000000000000000e+00	1.300000000000000000e+01	0.000000000000000000e+00
0.000000000000000000e+00	1.400000000000000000e+01	0.000000000000000000e+00
0.000000000000000000e+00	1.500000000000000000e+01	0.000000000000000000e+00
0.000000000000000000e+00	1.600000000000000000e+01	0.000000000000000000e+00
0.000000000000000000e+00	1.700000000000000000e+01	0.000000000000000000e+00
0.000000000000000000e+00	1.800000000000000000e+01	0.000000000000000000e+00
0.000000000000000000e+00	1.900000000000000000e+01	0.000000000000000000e+00
1.000000000000000000e+00	0.000000000000000000e+00	0.000000000000000000e+00
1.000000000000000000e+00	1.000000000000000000e+00	0.000000000000000000e+00
1.000000000000000000e+00	2.000000000000000000e+00	0.000000000000000000e+00
1.000000000000000000e+00	3.000000000000000000e+00	0.000000000000000000e+00
1.000000000000000000e+00	4.000000000000000000e+00	0.000000000000000000e+00
1.000000000000000000e+00	5.000000000000000000e+00	0.000000000000000000e+00
1.000000000000000000e+00	6.000000000000000000e+00	0.000000000000000000e+00
1.000000000000000000e+00	7.000000000000000000e+00	0.000000000000000000e+00
1.000000000000000000e+00	8.000000000000000000e+00	0.000000000000000000e+00
1.000000000000000000e+00	9.000000000000000000e+00	0.000000000000000000e+00
1.000000000000000000e+00	1.000000000000000000e+01	0.000000000000000000e+00
1.000000000000000000e+00	1.100000000000000000e+01	0.000000000000000000e+00
1.000000000000000000e+00	1.200000000000000000e+01	0.000000000000000000e+00
1.000000000000000000e+00	1.300000000000000000e+01	0.000000000000000000e+00
1.000000000000000000e+00	1.400000000000000000e+01	0.000000000000000000e+00
1.000000000000000000e+00	1.500000000000000000e+01	0.000000000000000000e+00
1.000000000000000000e+00	1.600000000000000000e+01	0.000000000000000000e+00
1.000000000000000000e+00	1.700000000000000000e+01	0.000000000000000000e+00
1.000000000000000000e+00	1.800000000000000000e+01	0.000000000000000000e+00
1.000000000000000000e+00	1.900000000000000000e+01	0.000000000000000000e+00
2.000000000000000000e+00	0.000000000000000000e+00	0.000000000000000000e+00
2.000000000000000000e+00	1.000000000000000000e+00	0.000000000000000000e+00
2.000000000000000000e+00	2.000000000000000000e+00	0.000000000000000000e+00
2.000000000000000000e+00	3.000000000000000000e+00	0.000000000000000000e+00
2.000000000000000000e+00	4.000000000000000000e+00	0.000000000000000000e+00
2.000000000000000000e+00	5.000000000000000000e+00	0.000000000000000000e+00
2.000000000000000000e+00	6.000000000000000000e+00	0.000000000000000000e+00
2.000000000000000000e+00	7.000000000000000000e+00	0.000000000000000000e+00
2.000000000000000000e+00	8.000000000000000000e+00	0.000000000000000000e+00
2.000000000000000000e+00	9.000000000000000000e+00	0.000000000000000000e+00
2.000000000000000000e+00	1.000000000000000000e+01	0.000000000000000000e+00
2.000000000000000000e+00	1.100000000000000000e+01	0.000000000000000000e+00
2.000000000000000000e+00	1.200000000000000000e+01	0.000000000000000000e+00
2.000000000000000000e+00	1.300000000000000000e+01	0.000000000000000000e+00
2.000000000000000000e+00	1.400000000000000000e+01	0.000000000000000000e+00
2.000000000000000000e+00	1.500000000000000000e+01	0.000000000000000000e+00
2.000000000000000000e+00	1.600000000000000000e+01	0.000000000000000000e+00
2.000000000000000000e+00	1.700000000000000000e+01	0.000000000000000000e+00
2.000000000000000000e+00	1.800000000000000000e+01	0.000000000000000000e+00
2.000000000000000000e+00	1.900000000000000000e+01	0.000000000000000000e+00
3.000000000000000000e+00	0.000000000000000000e+00	0.000000000000000000e+00
3.000000000000000000e+00	1.000000000000000000e+00	0.000000000000000000e+00
3.000000000000000000e+00	2.000000000000000000e+00	0.000000000000000000e+00
3.000000000000000000e+00	3.000000000000000000e+00	0.000000000000000000e+00
3.000000000000000000e+00	4.000000000000000000e+00	0.000000000000000000e+00
3.000000000000000000e+00	5.000000000000000000e+00	0.000000000000000000e+00
3.000000000000000000e+00	6.000000000000000000e+00	0.000000000000000000e+00
3.000000000000000000e+00	7.000000000000000000e+00	0.000000000000000000e+00
3.000000000000000000e+00	8.000000000000000000e+00	0.000000000000000000e+00
3.000000000000000000e+00	9.000000000000000000e+00	0.000000000000000000e+00
3.000000000000000000e+00	1.000000000000000000e+01	0.000000000000000000e+00
3.000000000000000000e+00	1.100000000000000000e+01	0.000000000000000000e+00
3.000000000000000000e+00	1.200000000000000000e+01	0.000000000000000000e+00
3.000000000000000000e+00	1.300000000000000000e+01	0.000000000000000000e+00
3.000000000000000000e+00	1.400000000000000000e+01	0.000000000000000000e+00
3.000000000000000000e+00	1.500000000000000000e+01	0.000000000000000000e+00
3.000000000000000000e+00	1.600000000000000000e+01	0.000000000000000000e+00
3.000000000000000000e+00	1.700000000000000000e+01	0.000000000000000000e+00
3.000000000000000000e+00	1.800000000000000000e+01	0.000000000000000000e+00
3.000000000000000000e+00	1.900000000000000000e+01	0.000000000000000000e+00
4.000000000000000000e+00	0.000000000000000000e+00	0.000000000000000000e+00
4.000000000000000000e+00	1.000000000000000000e+00	0.000000000000000000e+00
4.000000000000000000e+00	2.000000000000000000e+00	0.000000000000000000e+00
4.000000000000000000e+00	3.000000000000000000e+00	0.000000000000000000e+00
4.000000000000000000e+00	4.000000000000000000e+00	0.000000000000000000e+00
4.000000000000000000e+00	5.000000000000000000e+00	0.000000000000000000e+00
4.000000000000000000e+00	6.000000000000000000e+00	0.000000000000000000e+00
4.000000000000000000e+00	7.000000000000000000e+00	0.000000000000000000e+00
4.000000000000000000e+00	8.000000000000000000e+00	0.000000000000000000e+00
4.000000000000000000e+00	9.000000000000000000e+00	0.000000000000000000e+00
4.000000000000000000e+00	1.000000000000000000e+01	0.000000000000000000e+00
4.000000000000000000e+00	1.100000000000000000e+01	0.000000000000000000e+00
4.000000000000000000e+00	1.200000000000000000e+01	0.000000000000000000e+00
4.000000000000000000e+00	1.300000000000000000e+01	0.000000000000000000e+00
4.000000000000000000e+00	1.400000000000000000e+01	0.000000000000000000e+00
4.000000000000000000e+00	1.500000000000000000e+01	0.000000000000000000e+00
4.000000000000000000e+00	1.600000000000000000e+01	0.000000000000000000e+00
4.000000000000000000e+00	1.700000000000000000e+01	0.000000000000000000e+00
4.000000000000000000e+00	1.800000000000000000e+01	0.000000000000000000e+00
4.000000000000000000e+00	1.900000000000000000e+01	0.000000000000000000e+00
5.000000000000000000e+00	0.000000000000000000e+00	0.000000000000000000e+00
5.000000000000000000e+00	1.000000000000000000e+00	0.000000000000000000e+00
5.000000000000000000e+00	2.000000000000000000e+00	0.000000000000000000e+00
5.000000000000000000e+00	3.000000000000000000e+00	0.000000000000000000e+00
5.000000000000000000e+00	4.000000000000000000e+00	0.000000000000000000e+00
5.000000000000000000e+00	5.000000000000000000e+00	0.000000000000000000e+00
5.000000000000000000e+00	6.000000000000000000e+00	0.000000000000000000e+00
5.000000000000000000e+00	7.000000000000000000e+00	0.000000000000000000e+00
5.000000000000000000e+00	8.000000000000000000e+00	0.000000000000000000e+00
5.000000000000000000e+00	9.000000000000000000e+00	0.000000000000000000e+00
5.000000000000000000e+00	1.000000000000000000e+01	0.000000000000000000e+00
5.000000000000000000e+00	1.100000000000000000e+01	0.000000000000000000e+00
5.000000000000000000e+00	1.200000000000000000e+01	0.000000000000000000e+00
5.000000000000000000e+00	1.300000000000000000e+01	0.000000000000000000e+00
5.000000000000000000e+00	1.400000000000000000e+01	0.000000000000000000e+00
5.000000000000000000e+00	1.500000000000000000e+01	0.000000000000000000e+00
5.000000000000000000e+00	1.600000000000000000e+01	0.000000000000000000e+00
5.000000000000000000e+00	1.700000000000000000e+01	0.000000000000000000e+00
5.000000000000000000e+00	1.800000000000000000e+01	0.000000000000000000e+00
5.000000000000000000e+00	1.900000000000000000e+01	0.000000000000000000e+00
6.000000000000000000e+00	0.000000000000000000e+00	0.000000000000000000e+00
6.000000000000000000e+00	1.000000000000000000e+00	0.000000000000000000e+00
6.000000000000000000e+00	2.000000000000000000e+00	0.000000000000000000e+00
6.000000000000000000e+00	3.000000000000000000e+00	0.000000000000000000e+00
6.000000000000000000e+00	4.000000000000000000e+00	0.000000000000000000e+00
6.000000000000000000e+00	5.000000000000000000e+00	0.000000000000000000e+00
6.000000000000000000e+00	6.000000000000000000e+00	0.000000000000000000e+00
6.000000000000000000e+00	7.000000000000000000e+00	0.000000000000000000e+00
6.000000000000000000e+00	8.000000000000000000e+00	0.000000000000000000e+00
6.000000000000000000e+00	9.000000000000000000e+00	0.000000000000000000e+00
6.000000000000000000e+00	1.000000000000000000e+01	0.000000000000000000e+00
6.000000000000000000e+00	1.100000000000000000e+01	0.000000000000000000e+00
6.000000000000000000e+00	1.200000000000000000e+01	0.000000000000000000e+00
6.000000000000000000e+00	1.300000000000000000e+01	0.000000000000000000e+00
6.000000000000000000e+00	1.400000000000000000e+01	0.000000000000000000e+00
6.000000000000000000e+00	1.500000000000000000e+01	0.000000000000000000e+00
6.000000000000000000e+00	1.600000000000000000e+01	0.000000000000000000e+00
6.000000000000000000e+00	1.700000000000000000e+01	0.000000000000000000e+00
6.000000000000000000e+00	1.800000000000000000e+01	0.000000000000000000e+00
6.000000000000000000e+00	1.900000000000000000e+01	0.000000000000000000e+00
7.000000000000000000e+00	0.000000000000000000e+00	0.000000000000000000e+00
7.000000000000000000e+00	1.000000000000000000e+00	0.000000000000000000e+00
7.000000000000000000e+00	2.000000000000000000e+00	0.000000000000000000e+00
7.000000000000000000e+00	3.000000000000000000e+00	0.000000000000000000e+00
7.000000000000000000e+00	4.000000000000000000e+00	0.000000000000000000e+00
7.000000000000000000e+00	5.000000000000000000e+00	0.000000000000000000e+00
7.000000000000000000e+00	6.000000000000000000e+00	0.000000000000000000e+00
7.000000000000000000e+00	7.000000000000000000e+00	0.000000000000000000e+00
7.000000000000000000e+00	8.000000000000000000e+00	0.000000000000000000e+00
7.000000000000000000e+00	9.000000000000000000e+00	0.000000000000000000e+00
7.000000000000000000e+00	1.000000000000000000e+01	0.000000000000000000e+00
7.000000000000000000e+00	1.100000000000000000e+01	0.000000000000000000e+00
7.000000000000000000e+00	1.200000000000000000e+01	0.000000000000000000e+00
7.000000000000000000e+00	1.300000000000000000e+01	0.000000000000000000e+00
7.000000000000000000e+00	1.400000000000000000e+01	0.000000000000000000e+00
7.000000000000000000e+00	1.500000000000000000e+01	0.000000000000000000e+00
7.000000000000000000e+00	1.600000000000000000e+01	0.000000000000000000e+00
7.000000000000000000e+00	1.700000000000000000e+01	0.000000000000000000e+00
7.000000000000000000e+00	1.800000000000000000e+01	0.000000000000000000e+00
7.000000000000000000e+00	1.900000000000000000e+01	0.000000000000000000e+00
8.000000000000000000e+00	0.000000000000000000e+00	0.000000000000000000e+00
8.000000000000000000e+00	1.000000000000000000e+00	0.000000000000000000e+00
8.000000000000000000e+00	2.000000000000000000e+00	0.000000000000000000e+00
8.000000000000000000e+00	3.000000000000000000e+00	0.000000000000000000e+00
8.000000000000000000e+00	4.000000000000000000e+00	0.000000000000000000e+00
8.000000000000000000e+00	5.000000000000000000e+00	0.000000000000000000e+00
8.000000000000000000e+00	6.000000000000000000e+00	0.000000000000000000e+00
8.000000000000000000e+00	7.000000000000000000e+00	0.000000000000000000e+00
8.000000000000000000e+00	8.000000000000000000e+00	0.000000000000000000e+00
8.000000000000000000e+00	9.000000000000000000e+00	0.000000000000000000e+00
8.000000000000000000e+00	1.000000000000000000e+01	0.000000000000000000e+00
8.000000000000000000e+00	1.100000000000000000e+01	0.000000000000000000e+00
8.000000000000000000e+00	1.200000000000000000e+01	0.000000000000000000e+00
8.000000000000000000e+00	1.300000000000000000e+01	0.000000000000000000e+00
8.000000000000000000e+00	1.400000000000000000e+01	0.000000000000000000e+00
8.000000000000000000e+00	1.500000000000000000e+01	0.000000000000000000e+00
8.000000000000000000e+00	1.600000000000000000e+01	0.000000000000000000e+00
8.000000000000000000e+00	1.700000000000000000e+01	0.000000000000000000e+00
8.000000000000000000e+00	1.800000000000000000e+01	0.000000000000000000e+00
8.000000000000000000e+00	1.900000000000000000e+01	0.000000000000000000e+00
9.000000000000000000e+00	0.000000000000000000e+00	0.000000000000000000e+00
9.000000000000000000e+00	1.000000000000000000e+00	0.000000000000000000e+00
9.000000000000000000e+00	2.000000000000000000e+00	0.000000000000000000e+00
9.000000000000000000e+00	3.000000000000000000e+00	0.000000000000000000e+00
9.000000000000000000e+00	4.000000000000000000e+00	0.000000000000000000e+00
9.000000000000000000e+00	5.000000000000000000e+00	0.000000000000000000e+00
9.000000000000000000e+00	6.000000000000000000e+00	0.000000000000000000e+00
9.000000000000000000e+00	7.000000000000000000e+00	0.000000000000000000e+00
9.000000000000000000e+00	8.000000000000000000e+00	0.000000000000000000e+00
9.000000000000000000e+00	9.000000000000000000e+00	0.000000000000000000e+00
9.000000000000000000e+00	1.000000000000000000e+01	0.000000000000000000e+00
9.000000000000000000e+00	1.100000000000000000e+01	0.000000000000000000e+00
9.000000000000000000e+00	1.200000000000000000e+01	0.000000000000000000e+00
9.000000000000000000e+00	1.300000000000000000e+01	0.000000000000000000e+00
9.000000000000000000e+00	1.400000000000000000e+01	0.000000000000000000e+00
9.000000000000000000e+00	1.500000000000000000e+01	1.454161051398756293e-89
9.000000000000000000e+00	1.600000000000000000e+01	5.280898876404493958e-01
9.000000000000000000e+00	1.700000000000000000e+01	0.000000000000000000e+00
9.000000000000000000e+00	1.800000000000000000e+01	0.000000000000000000e+00
9.000000000000000000e+00	1.900000000000000000e+01	0.000000000000000000e+00
1.000000000000000000e+01	0.000000000000000000e+00	0.000000000000000000e+00
1.000000000000000000e+01	1.000000000000000000e+00	0.000000000000000000e+00
1.000000000000000000e+01	2.000000000000000000e+00	0.000000000000000000e+00
1.000000000000000000e+01	3.000000000000000000e+00	0.000000000000000000e+00
1.000000000000000000e+01	4.000000000000000000e+00	0.000000000000000000e+00
1.000000000000000000e+01	5.000000000000000000e+00	0.000000000000000000e+00
1.000000000000000000e+01	6.000000000000000000e+00	0.000000000000000000e+00
1.000000000000000000e+01	7.000000000000000000e+00	0.000000000000000000e+00
1.000000000000000000e+01	8.000000000000000000e+00	0.000000000000000000e+00
1.000000000000000000e+01	9.000000000000000000e+00	0.000000000000000000e+00
1.000000000000000000e+01	1.000000000000000000e+01	0.000000000000000000e+00
1.000000000000000000e+01	1.100000000000000000e+01	6.933427836538694211e-02
1.000000000000000000e+01	1.200000000000000000e+01	6.933427836538694211e-02
1.000000000000000000e+01	1.300000000000000000e+01	0.000000000000000000e+00
1.000000000000000000e+01	1.400000000000000000e+01	0.000000000000000000e+00
1.000000000000000000e+01	1.500000000000000000e+01	4.444929296368224884e-227
1.000000000000000000e+01	1.600000000000000000e+01	1.614210620227347213e-138
1.000000000000000000e+01	1.700000000000000000e+01	0.000000000000000000e+00
1.000000000000000000e+01	1.800000000000000000e+01	0.000000000000000000e+00
1.000000000000000000e+01	1.900000000000000000e+01	0.000000000000000000e+00
1.100000000000000000e+01	0.000000000000000000e+00	0.000000000000000000e+00
1.100000000000000000e+01	1.000000000000000000e+00	0.000000000000000000e+00
1.100000000000000000e+01	2.000000000000000000e+00	0.000000000000000000e+00
1.100000000000000000e+01	3.000000000000000000e+00	0.000000000000000000e+00
1.100000000000000000e+01	4.000000000000000000e+00	0.000000000000000000e+00
1.100000000000000000e+01	5.000000000000000000e+00	0.000000000000000000e+00
1.100000000000000000e+01	6.000000000000000000e+00	0.000000000000000000e+00
1.100000000000000000e+01	7.000000000000000000e+00	0.000000000000000000e+00
1.100000000000000000e+01	8.000000000000000000e+00	0.000000000000000000e+00
1.100000000000000000e+01	9.000000000000000000e+00	0.000000000000000000e+00
1.100000000000000000e+01	1.000000000000000000e+01	0.000000000000000000e+00
1.100000000000000000e+01	1.100000000000000000e+01	1.553848227582085573e-01
1.100000000000000000e+01	1.200000000000000000e+01	1.553848227582085573e-01
1.100000000000000000e+01	1.300000000000000000e+01	0.000000000000000000e+00
1.100000000000000000e+01	1.400000000000000000e+01	0.000000000000000000e+00
1.100000000000000000e+01	1.500000000000000000e+01	0.000000000000000000e+00
1.100000000000000000e+01	1.600000000000000000e+01	0.000000000000000000e+00
1.100000000000000000e+01	1.700000000000000000e+01	0.000000000000000000e+00
1.100000000000000000e+01	1.800000000000000000e+01	0.000000000000000000e+00
1.100000000000000000e+01	1.900000000000000000e+01	0.000000000000000000e+00
1.200000000000000000e+01	0.000000000000000000e+00	0.000000000000000000e+00
1.200000000000000000e+01	1.000000000000000000e+00	0.000000000000000000e+00
1.200000000000000000e+01	2.000000000000000000e+00	0.000000000000000000e+00
1.200000000000000000e+01	3.000000000000000000e+00	0.000000000000000000e+00
1.200000000000000000e+01	4.000000000000000000e+00	0.000000000000000000e+00
1.200000000000000000e+01	5.000000000000000000e+00	0.000000000000000000e+00
1.200000000000000000e+01	6.000000000000000000e+00	0.000000000000000000e+00
1.200000000000000000e+01	7.000000000000000000e+00	0.000000000000000000e+00
1.200000000000000000e+01	8.000000000000000000e+00	0.000000000000000000e+00
1.200000000000000000e+01	9.000000000000000000e+00	0.000000000000000000e+00
1.200000000000000000e+01	1.000000000000000000e+01	0.000000000000000000e+00
1.200000000000000000e+01	1.100000000000000000e+01	0.000000000000000000e+00
1.200000000000000000e+01	1.200000000000000000e+01	0.000000000000000000e+00
1.200000000000000000e+01	1.300000000000000000e+01	0.000000000000000000e+00
1.200000000000000000e+01	1.400000000000000000e+01	0.000000000000000000e+00
1.200000000000000000e+01	1.500000000000000000e+01	0.000000000000000000e+00
1.200000000000000000e+01	1.600000000000000000e+01	0.000000000000000000e+00
1.200000000000000000e+01	1.700000000000000000e+01	0.000000000000000000e+00
1.200000000000000000e+01	1.800000000000000000e+01	0.000000000000000000e+00
1.200000000000000000e+01	1.900000000000000000e+01	0.000000000000000000e+00
1.300000000000000000e+01	0.000000000000000000e+00	0.000000000000000000e+00
1.300000000000000000e+01	1.000000000000000000e+00	0.000000000000000000e+00
1.300000000000000000e+01	2.000000000000000000e+00	0.000000000000000000e+00
1.300000000000000000e+01	3.000000000000000000e+00	0.000000000000000000e+00
1.300000000000000000e+01	4.000000000000000000e+00	0.000000000000000000e+00
1.300000000000000000e+01	5.000000000000000000e+00	0.000000000000000000e+00
1.300000000000000000e+01	6.000000000000000000e+00	0.000000000000000000e+00
1.300000000000000000e+01	7.000000000000000000e+00	0.000000000000000000e+00
1.300000000000000000e+01	8.000000000000000000e+00	0.000000000000000000e+00
1.300000000000000000e+01	9.000000000000000000e+00	0.000000000000000000e+00
1.300000000000000000e+01	1.000000000000000000e+01	0.000000000000000000e+00
1.300000000000000000e+01	1.100000000000000000e+01	0.000000000000000000e+00
1.300000000000000000e+01	1.200000000000000000e+01	0.000000000000000000e+00
1.300000000000000000e+01	1.300000000000000000e+01	0.000000000000000000e+00
1.300000000000000000e+01	1.400000000000000000e+01	0.000000000000000000e+00
1.300000000000000000e+01	1.500000000000000000e+01	0.000000000000000000e+00
1.300000000000000000e+01	1.600000000000000000e+01	0.000000000000000000e+00
1.300000000000000000e+01	1.700000000000000000e+01	0.000000000000000000e+00
1.300000000000000000e+01	1.800000000000000000e+01	0.000000000000000000e+00
1.300000000000000000e+01	1.900000000000000000e+01	0.000000000000000000e+00
1.400000000000000000e+01	0.000000000000000000e+00	0.000000000000000000e+00
1.400000000000000000e+01	1.000000000000000000e+00	0.000000000000000000e+00
1.400000000000000000e+01	2.000000000000000000e+00	0.000000000000000000e+00
1.400000000000000000e+01	3.000000000000000000e+00	0.000000000000000000e+00
1.400000000000000000e+01	4.000000000000000000e+00	0.000000000000000000e+00
1.400000000000000000e+01	5.000000000000000000e+00	0.000000000000000000e+00
1.400000000000000000e+01	6.000000000000000000e+00	0.000000000000000000e+00
1.400000000000000000e+01	7.000000000000000000e+00	0.000000000000000000e+00
1.400000000000000000e+01	8.000000000000000000e+00	0.000000000000000000e+00
1.400000000000000000e+01	9.000000000000000000e+00	0.000000000000000000e+00
1.400000000000000000e+01	1.000000000000000000e+01	0.000000000000000000e+00
1.400000000000000000e+01	1.100000000000000000e+01	0.000000000000000000e+00
1.400000000000000000e+01	1.200000000000000000e+01	0.000000000000000000e+00
1.400000000000000000e+01	1.300000000000000000e+01	0.000000000000000000e+00
1.400000000000000000e+01	1.400000000000000000e+01	0.000000000000000000e+00
1.400000000000000000e+01	1.500000000000000000e+01	0.000000000000000000e+00
1.400000000000000000e+01	1.600000000000000000e+01	0.000000000000000000e+00
1.400000000000000000e+01	1.700000000000000000e+01	0.000000000000000000e+00
1.400000000000000000e+01	1.800000000000000000e+01	0.000000000000000000e+00
1.400000000000000000e+01	1.900000000000000000e+01	0.000000000000000000e+00
1.500000000000000000e+01	0.000000000000000000e+00	0.000000000000000000e+00
1.500000000000000000e+01	1.000000000000000000e+00	0.000000000000000000e+00
1.500000000000000000e+01	2.000000000000000000e+00	0.000000000000000000e+00
1.500000000000000000e+01	3.000000000000000000e+00	0.000000000000000000e+00
1.500000000000000000e+01	4.000000000000000000e+00	0.000000000000000000e+00
1.500000000000000000e+01	5.000000000000000000e+00	0.000000000000000000e+00
1.500000000000000000e+01	6.000000000000000000e+00	0.000000000000000000e+00
1.500000000000000000e+01	7.000000000000000000e+00	0.000000000000000000e+00
1.500000000000000000e+01	8.000000000000000000e+00	0.000000000000000000e+00
1.500000000000000000e+01	9.000000000000000000e+00	0.000000000000000000e+00
1.500000000000000000e+01	1.000000000000000000e+01	0.000000000000000000e+00
1.500000000000000000e+01	1.100000000000000000e+01	0.000000000000000000e+00
1.500000000000000000e+01	1.200000000000000000e+01	0.000000000000000000e+00
1.500000000000000000e+01	1.300000000000000000e+01	0.000000000000000000e+00
1.500000000000000000e+01	1.400000000000000000e+01	0.000000000000000000e+00
1.500000000000000000e+01	1.500000000000000000e+01	0.000000000000000000e+00
1.500000000000000000e+01	1.600000000000000000e+01	1.231616869503692723e-94
1.500000000000000000e+01	1.700000000000000000e+01	2.134831460674158632e-01
1.500000000000000000e+01	1.800000000000000000e+01	1.272390432716471444e-16
1.500000000000000000e+01	1.900000000000000000e+01	0.000000000000000000e+00
1.600000000000000000e+01	0.000000000000000000e+00	0.000000000000000000e+00
1.600000000000000000e+01	1.000000000000000000e+00	0.000000000000000000e+00
1.600000000000000000e+01	2.000000000000000000e+00	0.000000000000000000e+00
1.600000000000000000e+01	3.000000000000000000e+00	0.000000000000000000e+00
1.600000000000000000e+01	4.000000000000000000e+00	0.000000000000000000e+00
1.600000000000000000e+01	5.000000000000000000e+00	0.000000000000000000e+00
1.600000000000000000e+01	6.000000000000000000e+00	0.000000000000000000e+00
1.600000000000000000e+01	7.000000000000000000e+00	0.000000000000000000e+00
1.600000000000000000e+01	8.000000000000000000e+00	0.000000000000000000e+00
1.600000000000000000e+01	9.000000000000000000e+00	0.000000000000000000e+00
1.600000000000000000e+01	1.000000000000000000e+01	0.000000000000000000e+00
1.600000000000000000e+01	1.100000000000000000e+01	0.000000000000000000e+00
1.600000000000000000e+01	1.200000000000000000e+01	0.000000000000000000e+00
1.600000000000000000e+01	1.300000000000000000e+01	0.000000000000000000e+00
1.600000000000000000e+01	1.400000000000000000e+01	0.000000000000000000e+00
1.600000000000000000e+01	1.500000000000000000e+01	0.000000000000000000e+00
1.600000000000000000e+01	1.600000000000000000e+01	1.573172791171968676e-01
1.600000000000000000e+01	1.700000000000000000e+01	6.966492846682297291e-01
1.600000000000000000e+01	1.800000000000000000e+01	1.910791950118529425e-01
1.600000000000000000e+01	1.900000000000000000e+01	0.000000000000000000e+00
1.700000000000000000e+01	0.000000000000000000e+00	0.000000000000000000e+00
1.700000000000000000e+01	1.000000000000000000e+00	0.000000000000000000e+00
1.700000000000000000e+01	2.000000000000000000e+00	0.000000000000000000e+00
1.700000000000000000e+01	3.000000000000000000e+00	0.000000000000000000e+00
1.700000000000000000e+01	4.000000000000000000e+00	0.000000000000000000e+00
1.700000000000000000e+01	5.000000000000000000e+00	0.000000000000000000e+00
1.700000000000000000e+01	6.000000000000000000e+00	0.000000000000000000e+00
1.700000000000000000e+01	7.000000000000000000e+00	0.000000000000000000e+00
1.700000000000000000e+01	8.000000000000000000e+00	0.000000000000000000e+00
1.700000000000000000e+01	9.000000000000000000e+00	0.000000000000000000e+00
1.700000000000000000e+01	1.000000000000000000e+01	0.000000000000000000e+00
1.700000000000000000e+01	1.100000000000000000e+01	0.000000000000000000e+00
1.700000000000000000e+01	1.200000000000000000e+01	0.000000000000000000e+00
1.700000000000000000e+01	1.300000000000000000e+01	0.000000000000000000e+00
1.700000000000000000e+01	1.400000000000000000e+01	0.000000000000000000e+00
1.700000000000000000e+01	1.500000000000000000e+01	0.000000000000000000e+00
1.700000000000000000e+01	1.600000000000000000e+01	6.317862848112225542e-12
1.700000000000000000e+01	1.700000000000000000e+01	4.294197116248811286e-01
1.700000000000000000e+01	1.800000000000000000e+01	3.631609982187329333e+00
1.700000000000000000e+01	1.900000000000000000e+01	1.504505090535154774e-05
1.800000000000000000e+01	0.000000000000000000e+00	0.000000000000000000e+00
1.800000000000000000e+01	1.000000000000000000e+00	0.000000000000000000e+00
1.800000000000000000e+01	2.000000000000000000e+00	0.000000000000000000e+00
1.800000000000000000e+01	3.000000000000000000e+00	0.000000000000000000e+00
1.800000000000000000e+01	4.000000000000000000e+00	0.000000000000000000e+00
1.800000000000000000e+01	5.000000000000000000e+00	0.000000000000000000e+00
1.800000000000000000e+01	6.000000000000000000e+00	0.000000000000000000e+00
1.800000000000000000e+01	7.000000000000000000e+00	0.000000000000000000e+00
1.800000000000000000e+01	8.000000000000000000e+00	0.000000000000000000e+00
1.800000000000000000e+01	9.000000000000000000e+00	0.000000000000000000e+00
1.800000000000000000e+01	1.000000000000000000e+01	0.000000000000000000e+00
1.800000000000000000e+01	1.100000000000000000e+01	0.000000000000000000e+00
1.800000000000000000e+01	1.200000000000000000e+01	0.000000000000000000e+00
1.800000000000000000e+01	1.300000000000000000e+01	0.000000000000000000e+00
1.800000000000000000e+01	1.400000000000000000e+01	0.000000000000000000e+00
1.800000000000000000e+01	1.500000000000000000e+01	6.741573033707864981e-02
1.800000000000000000e+01	1.600000000000000000e+01	2.838254514047697796e-01
1.800000000000000000e+01	1.700000000000000000e+01	8.709915849278418998e-01
1.800000000000000000e+01	1.800000000000000000e+01	1.784545986634459069e+01
1.800000000000000000e+01	1.900000000000000000e+01	4.169178001571393111e+01
1.900000000000000000e+01	0.000000000000000000e+00	7.303370142356017947e-02
1.900000000000000000e+01	1.000000000000000000e+00	0.000000000000000000e+00
1.900000000000000000e+01	2.000000000000000000e+00	0.000000000000000000e+00
1.900000000000000000e+01	3.000000000000000000e+00	4.124681122823256766e-52
1.900000000000000000e+01	4.000000000000000000e+00	1.123595505617977497e-01
1.900000000000000000e+01	5.000000000000000000e+00	0.000000000000000000e+00
1.900000000000000000e+01	6.000000000000000000e+00	2.247191011235954994e-02
1.900000000000000000e+01	7.000000000000000000e+00	0.000000000000000000e+00
1.900000000000000000e+01	8.000000000000000000e+00	0.000000000000000000e+00
1.900000000000000000e+01	9.000000000000000000e+00	0.000000000000000000e+00
1.900000000000000000e+01	1.000000000000000000e+01	0.000000000000000000e+00
1.900000000000000000e+01	1.100000000000000000e+01	1.649872449129302781e-52
1.900000000000000000e+01	1.200000000000000000e+01	4.494382022471909988e-02
1.900000000000000000e+01	1.300000000000000000e+01	1.138169245324688784e-232
1.900000000000000000e+01	1.400000000000000000e+01	2.359550561797752743e-01
1.900000000000000000e+01	1.500000000000000000e+01	3.370786452437850578e-01
1.900000000000000000e+01	1.600000000000000000e+01	1.276702695772026441e+00
1.900000000000000000e+01	1.700000000000000000e+01	4.895466431274139829e+00
1.900000000000000000e+01	1.800000000000000000e+01	2.203132575586751329e+02
1.900000000000000000e+01	1.900000000000000000e+01	5.310310326462664534e+02
